[0, 1, 0] : -827.5894165757837
[0, 1, 1] : -825.6013001104137
[0, 1, 2] : -825.507337200371
[0, 1, 3] : -823.4911641558288
[0, 1, 4] : -819.589950284038
[0, 2, 0] : -753.4417997489998
[0, 2, 1] : -811.7267390996395
[0, 2, 2] : -790.5863369100294
[0, 2, 3] : -801.9324406300567
[0, 2, 4] : -801.5358306963147
[0, 3, 0] : -633.9359625492377
[0, 3, 1] : -738.1530434740533
[0, 3, 2] : -739.5219637627158
[0, 3, 3] : -765.3942385142423
[0, 3, 4] : -757.5131069198101
[1, 1, 0] : -825.6390419961452
[1, 1, 1] : -822.0462279236475
[1, 1, 2] : -833.4826245048937
[1, 1, 3] : -819.5896161024659
[1, 1, 4] : -833.0826022553956
[1, 2, 0] : -789.1559210294118
[1, 2, 1] : -809.7778719181571
[1, 2, 2] : -791.8857786487015
[1, 2, 3] : -797.7778280879993
[1, 2, 4] : -790.2845393578081
[1, 3, 0] : -710.798857939796
[1, 3, 1] : -769.3921419048415
[1, 3, 2] : -761.6814038200603
[1, 3, 3] : -786.1971578965381
[1, 3, 4] : -764.798605349512
[2, 1, 0] : -825.6842606282005
[2, 1, 1] : -823.2596747511063
[2, 1, 2] : -819.5898104366396
[2, 1, 3] : -817.5897548921912
[2, 1, 4] : -807.0601305857657
[2, 2, 0] : -790.0919666235167
[2, 2, 1] : -794.3422483974622
[2, 2, 2] : -792.5771933200665
[2, 2, 3] : -804.2997303847085
[2, 2, 4] : -774.5309969681156
[2, 3, 0] : -732.132945457978
[2, 3, 1] : -763.3786922143927
[2, 3, 2] : -761.3730760431432
[2, 3, 3] : -755.1838579720151
[2, 3, 4] : -763.6943689050402
[3, 1, 0] : -825.1012159866192
[3, 1, 1] : -823.0115225038644
[3, 1, 2] : -817.5897827594256
[3, 1, 3] : -815.5901984672064
[3, 1, 4] : -818.4489529142265
[3, 2, 0] : -789.5984555301902
[3, 2, 1] : -788.9093217669847
[3, 2, 2] : -791.2535180514199
[3, 2, 3] : -800.5853114006604
[3, 2, 4] : -804.0191940283229
[3, 3, 0] : -743.2287238398121
[3, 3, 1] : -757.8466875093536
[3, 3, 2] : -755.7733319710417
[3, 3, 3] : -764.9331701196395
[3, 3, 4] : -761.9786078423231
[4, 1, 0] : -825.7855418298598
[4, 1, 1] : -823.6630190122172
[4, 1, 2] : -821.1219817715208
[4, 1, 3] : -819.7059496042973
[4, 1, 4] : -827.4500597526595
[4, 2, 0] : -788.1264851505553
[4, 2, 1] : -787.7179298964604
[4, 2, 2] : -788.1999988867813
[4, 2, 3] : -799.1093364184717
[4, 2, 4] : -772.1541169059414
[4, 3, 0] : -745.3485970771344
[4, 3, 1] : -760.7835754024156
[4, 3, 2] : -767.3602691355894
[4, 3, 3] : -739.3364785316328
[4, 3, 4] : -757.6611571932254
